tf.Tensor([0. 0. 0. 0. 0.], shape=(5,), dtype=float32) 0.5185185074806213
tf.Tensor([0.11764704 0.         0.         0.         0.        ], shape=(5,), dtype=float32) 0.5185185074806213
tf.Tensor([0.6133333 0.        0.        0.        0.       ], shape=(5,), dtype=float32) 0.5
tf.Tensor([0.7126437  0.49999994 0.5074626  0.2352941  0.        ], shape=(5,), dtype=float32) 0.5185185074806213
tf.Tensor([0.71739125 0.67567563 0.57777774 0.6060605  0.        ], shape=(5,), dtype=float32) 0.5555555820465088
tf.Tensor([0.6329113  0.81927705 0.6947367  0.5479452  0.14999998], shape=(5,), dtype=float32) 0.5555555820465088
tf.Tensor([0.73809516 0.8674698  0.6999999  0.6190476  0.3928571 ], shape=(5,), dtype=float32) 0.5555555820465088
tf.Tensor([0.8444444  0.9367088  0.6904761  0.76543206 0.58064514], shape=(5,), dtype=float32) 0.5740740895271301
tf.Tensor([0.8484848  0.84999996 0.79120874 0.6153846  0.60606056], shape=(5,), dtype=float32) 0.5925925970077515
tf.Tensor([0.7954545  0.8433735  0.73333323 0.73684204 0.51851845], shape=(5,), dtype=float32) 0.5740740895271301
tf.Tensor([0.8089887  0.85393256 0.83673465 0.6999999  0.40909088], shape=(5,), dtype=float32) 0.5555555820465088
tf.Tensor([0.9166666  0.8767123  0.7956989  0.81818175 0.576923  ], shape=(5,), dtype=float32) 0.5740740895271301
tf.Tensor([0.86315787 0.9367088  0.8297872  0.72499996 0.7333333 ], shape=(5,), dtype=float32) 0.6111111044883728
tf.Tensor([0.92929286 0.8918918  0.8043477  0.819277   0.5614035 ], shape=(5,), dtype=float32) 0.6481481194496155
tf.Tensor([0.9263157  0.9620252  0.82608694 0.79487175 0.7826086 ], shape=(5,), dtype=float32) 0.6111111044883728
tf.Tensor([0.8979592  0.9382715  0.8387096  0.75949365 0.6774193 ], shape=(5,), dtype=float32) 0.5925925970077515
tf.Tensor([0.9130434  0.93023247 0.893617   0.89411753 0.81967205], shape=(5,), dtype=float32) 0.5925925970077515
tf.Tensor([0.8791208  0.89743584 0.7916666  0.7777777  0.70967734], shape=(5,), dtype=float32) 0.5555555820465088
tf.Tensor([0.88888884 0.87999994 0.8817203  0.8210526  0.64406776], shape=(5,), dtype=float32) 0.5740740895271301
tf.Tensor([0.91111106 0.8780488  0.8351648  0.8666666  0.76470584], shape=(5,), dtype=float32) 0.6111111044883728
tf.Tensor([0.93999994 0.97435886 0.8958333  0.89411753 0.8615384 ], shape=(5,), dtype=float32) 0.5925925970077515
tf.Tensor([0.8979592  0.9382715  0.91999996 0.77333325 0.83870965], shape=(5,), dtype=float32) 0.6481481194496155
tf.Tensor([0.92929286 0.9382715  0.93617016 0.8157894  0.8571428 ], shape=(5,), dtype=float32) 0.6111111044883728
tf.Tensor([0.9894736  0.9499999  0.92307687 0.9230768  0.8787878 ], shape=(5,), dtype=float32) 0.6666666865348816
tf.Tensor([0.96774185 0.95121944 0.88421047 0.9230768  0.9090908 ], shape=(5,), dtype=float32) 0.6481481194496155
tf.Tensor([0.9032257  0.9473683  0.95744675 0.92631567 0.9253731 ], shape=(5,), dtype=float32) 0.6296296119689941
tf.Tensor([0.9166666  0.97499996 0.9484536  0.89655167 0.8888889 ], shape=(5,), dtype=float32) 0.6296296119689941
tf.Tensor([0.92929286 0.9756097  0.87499994 0.90476185 0.8656716 ], shape=(5,), dtype=float32) 0.6296296119689941
tf.Tensor([0.93749994 0.95121944 0.95744675 0.9302326  0.9275362 ], shape=(5,), dtype=float32) 0.6111111044883728
tf.Tensor([0.93478256 0.9523809  0.9473683  0.9438202  0.8695652 ], shape=(5,), dtype=float32) 0.5740740895271301
tf.Tensor([0. 0. 0. 0. 0.], shape=(5,), dtype=float32) 0.46296295523643494
tf.Tensor([0. 0. 0. 0. 0.], shape=(5,), dtype=float32) 0.48148149251937866
tf.Tensor([0.2222222  0.13636363 0.         0.08510637 0.        ], shape=(5,), dtype=float32) 0.5185185074806213
tf.Tensor([0.5999999  0.72222215 0.34374997 0.33333328 0.        ], shape=(5,), dtype=float32) 0.5370370149612427
tf.Tensor([0.7816091  0.7727272  0.5679012  0.55882347 0.        ], shape=(5,), dtype=float32) 0.5370370149612427
tf.Tensor([0.75555557 0.80459756 0.6736841  0.5074626  0.15384614], shape=(5,), dtype=float32) 0.5555555820465088
tf.Tensor([0.7916666  0.71641785 0.6373626  0.6666666  0.4561403 ], shape=(5,), dtype=float32) 0.5925925970077515
tf.Tensor([0.78723395 0.8        0.59523803 0.6933333  0.4745762 ], shape=(5,), dtype=float32) 0.6111111044883728
tf.Tensor([0.80412364 0.8780488  0.71111107 0.54285705 0.42307687], shape=(5,), dtype=float32) 0.5925925970077515
tf.Tensor([0.86315787 0.89411753 0.72549015 0.61111104 0.49999994], shape=(5,), dtype=float32) 0.5925925970077515
tf.Tensor([0.83146054 0.8470587  0.75555557 0.7105263  0.49999994], shape=(5,), dtype=float32) 0.6111111044883728
tf.Tensor([0.79999995 0.9156626  0.7951807  0.7179487  0.490566  ], shape=(5,), dtype=float32) 0.6111111044883728
tf.Tensor([0.81318676 0.92499995 0.84536076 0.6376811  0.6229508 ], shape=(5,), dtype=float32) 0.6111111044883728
tf.Tensor([0.89887637 0.849315   0.85148513 0.7179487  0.63333327], shape=(5,), dtype=float32) 0.6296296119689941
tf.Tensor([0.93999994 0.9367088  0.86021495 0.81012654 0.7575757 ], shape=(5,), dtype=float32) 0.6481481194496155
tf.Tensor([0.88888884 0.89411753 0.83673465 0.78481    0.6071428 ], shape=(5,), dtype=float32) 0.6481481194496155
tf.Tensor([0.9130434  0.93975896 0.86315787 0.8395061  0.6666666 ], shape=(5,), dtype=float32) 0.6481481194496155
tf.Tensor([0.8913043  0.9135801  0.88888884 0.8139534  0.7042253 ], shape=(5,), dtype=float32) 0.6481481194496155
tf.Tensor([0.95833325 0.9135801  0.8817203  0.8636363  0.7812499 ], shape=(5,), dtype=float32) 0.6111111044883728
tf.Tensor([0.9263157  0.9333333  0.9130434  0.89655167 0.7761193 ], shape=(5,), dtype=float32) 0.6111111044883728
tf.Tensor([0.9484536  0.95121944 0.9090909  0.8536585  0.8059701 ], shape=(5,), dtype=float32) 0.5740740895271301
tf.Tensor([0.9387754  0.97499996 0.9052631  0.8915662  0.8571428 ], shape=(5,), dtype=float32) 0.5740740895271301
tf.Tensor([0.9247311  0.90476185 0.93478256 0.8780487  0.78873235], shape=(5,), dtype=float32) 0.5925925970077515
tf.Tensor([0.9130434 0.9629629 0.8791208 0.893617  0.8437499], shape=(5,), dtype=float32) 0.6111111044883728
tf.Tensor([0.9795917 0.9873417 0.9126214 0.9333333 0.8135593], shape=(5,), dtype=float32) 0.5925925970077515
tf.Tensor([0.93999994 0.97499996 0.9        0.8837209  0.7586206 ], shape=(5,), dtype=float32) 0.5555555820465088
tf.Tensor([0.9130434 0.9367088 0.893617  0.8723404 0.8615384], shape=(5,), dtype=float32) 0.5925925970077515
tf.Tensor([0.93478256 0.9382715  0.91489357 0.8837209  0.87671226], shape=(5,), dtype=float32) 0.6111111044883728
tf.Tensor([0.95744675 0.9638554  0.93478256 0.917647   0.87999994], shape=(5,), dtype=float32) 0.6111111044883728
tf.Tensor([0.95918363 0.97499996 0.91489357 0.94505495 0.8437499 ], shape=(5,), dtype=float32) 0.5740740895271301
tf.Tensor([0. 0. 0. 0. 0.], shape=(5,), dtype=float32) 0.3888888955116272
tf.Tensor([0. 0. 0. 0. 0.], shape=(5,), dtype=float32) 0.5
tf.Tensor([0.25454542 0.2222222  0.07843136 0.04347825 0.        ], shape=(5,), dtype=float32) 0.5
tf.Tensor([0.72289145 0.7466666  0.36923072 0.58461535 0.        ], shape=(5,), dtype=float32) 0.5370370149612427
tf.Tensor([0.75268817 0.90476185 0.57731956 0.54285705 0.        ], shape=(5,), dtype=float32) 0.5555555820465088
tf.Tensor([0.77894735 0.86046505 0.74226797 0.6027397  0.15789472], shape=(5,), dtype=float32) 0.5740740895271301
tf.Tensor([0.8089887  0.8        0.69662917 0.7105263  0.38461536], shape=(5,), dtype=float32) 0.5925925970077515
tf.Tensor([0.81720424 0.8888888  0.69662917 0.58666664 0.5818181 ], shape=(5,), dtype=float32) 0.5925925970077515
tf.Tensor([0.80851054 0.8311688  0.59770113 0.7407407  0.38297868], shape=(5,), dtype=float32) 0.6296296119689941
tf.Tensor([0.8510637  0.8780488  0.6823529  0.7272727  0.45283014], shape=(5,), dtype=float32) 0.5925925970077515
tf.Tensor([0.79120874 0.8571428  0.70329666 0.6486486  0.4727272 ], shape=(5,), dtype=float32) 0.5925925970077515
tf.Tensor([0.8541666  0.9230768  0.7741935  0.75949365 0.52830184], shape=(5,), dtype=float32) 0.5925925970077515
tf.Tensor([0.8979592  0.89411753 0.7727272  0.7567567  0.59259254], shape=(5,), dtype=float32) 0.5925925970077515
tf.Tensor([0.7865168  0.9523809  0.8659793  0.74999994 0.72131145], shape=(5,), dtype=float32) 0.6111111044883728
tf.Tensor([0.9247311  0.89743584 0.82828283 0.73684204 0.64150935], shape=(5,), dtype=float32) 0.6481481194496155
tf.Tensor([0.8979592  0.92499995 0.85148513 0.7792207  0.63157886], shape=(5,), dtype=float32) 0.6481481194496155
tf.Tensor([0.9052631  0.9210526  0.840909   0.73684204 0.6461538 ], shape=(5,), dtype=float32) 0.5925925970077515
tf.Tensor([0.87499994 0.8837209  0.8636363  0.74358964 0.7714285 ], shape=(5,), dtype=float32) 0.6111111044883728
tf.Tensor([0.88421047 0.9523809  0.8659793  0.86075944 0.7575757 ], shape=(5,), dtype=float32) 0.6111111044883728
tf.Tensor([0.93478256 0.98765427 0.8979592  0.8470587  0.8615384 ], shape=(5,), dtype=float32) 0.6296296119689941
tf.Tensor([0.9126214  0.9350649  0.93617016 0.86746985 0.8615384 ], shape=(5,), dtype=float32) 0.6111111044883728
tf.Tensor([0.9473683  0.9629629  0.88421047 0.8863635  0.9014084 ], shape=(5,), dtype=float32) 0.6111111044883728
tf.Tensor([0.93478256 0.95121944 0.8764044  0.8913043  0.8169013 ], shape=(5,), dtype=float32) 0.6296296119689941
tf.Tensor([0.93749994 1.         0.9166666  0.9438202  0.84848475], shape=(5,), dtype=float32) 0.6111111044883728
tf.Tensor([0.9090909  0.9629629  0.8910891  0.91954017 0.85245895], shape=(5,), dtype=float32) 0.5925925970077515
tf.Tensor([0.93617016 0.8918918  0.9183673  0.89655167 0.84507036], shape=(5,), dtype=float32) 0.6481481194496155
tf.Tensor([0.95833325 0.9756097  0.9247311  0.8536585  0.87671226], shape=(5,), dtype=float32) 0.6296296119689941
tf.Tensor([0.9473683  0.94871783 0.9263157  0.9302326  0.91428566], shape=(5,), dtype=float32) 0.6481481194496155
tf.Tensor([0.95744675 0.97499996 0.86315787 0.88888884 0.80645156], shape=(5,), dtype=float32) 0.6111111044883728
tf.Tensor([0.9795917  0.9620252  0.92929286 0.8764044  0.7540983 ], shape=(5,), dtype=float32) 0.6111111044883728
tf.Tensor([0. 0. 0. 0. 0.], shape=(5,), dtype=float32) 0.46296295523643494
tf.Tensor([0. 0. 0. 0. 0.], shape=(5,), dtype=float32) 0.48148149251937866
tf.Tensor([0.11764704 0.3921568  0.08       0.         0.        ], shape=(5,), dtype=float32) 0.5
tf.Tensor([0.6410256  0.71999997 0.4637681  0.19999997 0.        ], shape=(5,), dtype=float32) 0.5
tf.Tensor([0.74725264 0.7865168  0.70103085 0.37931028 0.05555554], shape=(5,), dtype=float32) 0.5370370149612427
tf.Tensor([0.75555557 0.80487806 0.64646465 0.55882347 0.2051282 ], shape=(5,), dtype=float32) 0.5925925970077515
tf.Tensor([0.8510637 0.8148148 0.6666666 0.5714285 0.5660377], shape=(5,), dtype=float32) 0.6296296119689941
tf.Tensor([0.81318676 0.8536585  0.8        0.73684204 0.5614035 ], shape=(5,), dtype=float32) 0.5925925970077515
tf.Tensor([0.76744175 0.89411753 0.7628865  0.74358964 0.63492054], shape=(5,), dtype=float32) 0.5740740895271301
tf.Tensor([0.86021495 0.88636357 0.7586206  0.7466666  0.46428564], shape=(5,), dtype=float32) 0.5925925970077515
tf.Tensor([0.83333325 0.9135801  0.78723395 0.7272727  0.690909  ], shape=(5,), dtype=float32) 0.6111111044883728
tf.Tensor([0.9       0.8888888 0.7608695 0.7816091 0.5660377], shape=(5,), dtype=float32) 0.5925925970077515
tf.Tensor([0.87234044 0.9629629  0.81720424 0.81012654 0.6461538 ], shape=(5,), dtype=float32) 0.6296296119689941
tf.Tensor([0.8913043  0.8837209  0.7741935  0.8433735  0.64406776], shape=(5,), dtype=float32) 0.6111111044883728
tf.Tensor([0.8505746  0.93975896 0.83333325 0.8915662  0.6666666 ], shape=(5,), dtype=float32) 0.6481481194496155
tf.Tensor([0.87234044 0.9350649  0.8571428  0.7105263  0.74999994], shape=(5,), dtype=float32) 0.6296296119689941
tf.Tensor([0.93617016 0.849315   0.8979592  0.9069767  0.7164179 ], shape=(5,), dtype=float32) 0.6111111044883728
tf.Tensor([0.8913043  0.8888888  0.9052631  0.8510638  0.65517235], shape=(5,), dtype=float32) 0.6111111044883728
tf.Tensor([0.92929286 0.98765427 0.8695651  0.8863635  0.7384615 ], shape=(5,), dtype=float32) 0.5740740895271301
tf.Tensor([0.93069303 0.93975896 0.8387096  0.75949365 0.71875   ], shape=(5,), dtype=float32) 0.5740740895271301
tf.Tensor([0.8817203 0.9268293 0.9166666 0.8863635 0.7333333], shape=(5,), dtype=float32) 0.6111111044883728
tf.Tensor([0.9072164 0.9756097 0.8979592 0.8915662 0.7619047], shape=(5,), dtype=float32) 0.5925925970077515
tf.Tensor([0.9090909  0.9629629  0.9072164  0.80434775 0.8307691 ], shape=(5,), dtype=float32) 0.5925925970077515
tf.Tensor([0.91489357 0.96103895 0.87234044 0.917647   0.78378373], shape=(5,), dtype=float32) 0.6111111044883728
tf.Tensor([0.9473683  0.9499999  0.93749994 0.9069767  0.92307687], shape=(5,), dtype=float32) 0.5925925970077515
tf.Tensor([0.97872335 0.97499996 0.91489357 0.9213482  0.8823529 ], shape=(5,), dtype=float32) 0.6296296119689941
tf.Tensor([0.9690721  0.94871783 0.95833325 0.89411753 0.8656716 ], shape=(5,), dtype=float32) 0.6296296119689941
tf.Tensor([0.9795917  0.98765427 0.97872335 0.9213482  0.89230764], shape=(5,), dtype=float32) 0.6481481194496155
tf.Tensor([0.9473683  0.95121944 0.9791666  0.9534883  0.8656716 ], shape=(5,), dtype=float32) 0.6481481194496155
tf.Tensor([0.9484536  0.9041095  0.9450549  0.9333333  0.87999994], shape=(5,), dtype=float32) 0.6851851940155029
