1.5711508989334106 1.475402593612671
1.3371800184249878 1.2933659553527832
1.0614289045333862 1.1574469804763794
0.8107495903968811 1.1150891780853271
0.6488323211669922 1.0566203594207764
0.5484989285469055 1.0063810348510742
0.4422408938407898 1.08359956741333
0.33347970247268677 1.2711806297302246
0.23858921229839325 1.3581804037094116
0.17536728084087372 1.367815613746643
1.5870912075042725 tf.Tensor([0. 0. 0. 0. 0.], shape=(5,), dtype=float32)
1.4146783351898193 tf.Tensor([0.49999997 0.         0.         0.         0.        ], shape=(5,), dtype=float32)
1.2291326522827148 tf.Tensor([0.79999995 0.52631575 0.22222218 0.         0.        ], shape=(5,), dtype=float32)
1.0744879245758057 tf.Tensor([0.79999995 0.87999994 0.4705882  0.6153846  0.        ], shape=(5,), dtype=float32)
0.9368021488189697 tf.Tensor([0.79999995 0.86666656 0.4705882  0.49999994 0.        ], shape=(5,), dtype=float32)
0.9130897521972656 tf.Tensor([0.79999995 0.9333333  0.39999995 0.49999994 0.18181814], shape=(5,), dtype=float32)
0.7740775346755981 tf.Tensor([0.9090909  0.9032257  0.49999994 0.4705882  0.24999996], shape=(5,), dtype=float32)
0.6790691614151001 tf.Tensor([0.83333325 0.9032257  0.49999994 0.49999994 0.26086953], shape=(5,), dtype=float32)
0.632542610168457 tf.Tensor([0.9090909  0.9032257  0.49999994 0.4705882  0.18181814], shape=(5,), dtype=float32)
0.6352682113647461 tf.Tensor([0.9090909  0.9032257  0.49999994 0.38095233 0.26086953], shape=(5,), dtype=float32)
0.5872908234596252 tf.Tensor([0.83333325 0.81481475 0.49999994 0.33333328 0.24999996], shape=(5,), dtype=float32)
0.47563087940216064 tf.Tensor([0.83333325 0.89655167 0.5714285  0.38095233 0.3703703 ], shape=(5,), dtype=float32)
0.5160350799560547 tf.Tensor([0.83333325 0.89655167 0.5714285  0.4444444  0.42857137], shape=(5,), dtype=float32)
0.4703240990638733 tf.Tensor([0.83333325 0.89655167 0.53333324 0.4444444  0.48275855], shape=(5,), dtype=float32)
0.3631856441497803 tf.Tensor([0.83333325 0.86666656 0.49999994 0.4444444  0.38461536], shape=(5,), dtype=float32)
0.40656808018684387 tf.Tensor([0.83333325 0.8387096  0.62499994 0.4444444  0.39999995], shape=(5,), dtype=float32)
0.3407003581523895 tf.Tensor([0.83333325 0.78571415 0.6666667  0.3636363  0.39999995], shape=(5,), dtype=float32)
0.491315096616745 tf.Tensor([0.76923066 0.78571415 0.5714285  0.34782603 0.4444444 ], shape=(5,), dtype=float32)
0.3832013010978699 tf.Tensor([0.76923066 0.7999999  0.5714285  0.3636363  0.4444444 ], shape=(5,), dtype=float32)
0.387105256319046 tf.Tensor([0.83333325 0.86666656 0.53333324 0.42105258 0.3703703 ], shape=(5,), dtype=float32)
0.26602989435195923 tf.Tensor([0.83333325 0.87499994 0.49999994 0.49999994 0.30769226], shape=(5,), dtype=float32)
0.29697757959365845 tf.Tensor([0.83333325 0.9032257  0.4705882  0.49999994 0.4444444 ], shape=(5,), dtype=float32)
0.33594316244125366 tf.Tensor([0.9090909  0.9032257  0.53333324 0.39999995 0.4444444 ], shape=(5,), dtype=float32)
0.19894340634346008 tf.Tensor([0.9090909  0.87499994 0.7272727  0.42105258 0.51851845], shape=(5,), dtype=float32)
0.24540172517299652 tf.Tensor([0.83333325 0.87499994 0.6666667  0.42105258 0.4444444 ], shape=(5,), dtype=float32)
0.23451381921768188 tf.Tensor([0.83333325 0.87499994 0.62499994 0.4444444  0.38461536], shape=(5,), dtype=float32)
0.19954334199428558 tf.Tensor([0.83333325 0.87499994 0.52631575 0.4444444  0.38461536], shape=(5,), dtype=float32)
0.2732184827327728 tf.Tensor([0.83333325 0.87499994 0.49999994 0.4444444  0.4444444 ], shape=(5,), dtype=float32)
0.18204265832901 tf.Tensor([0.83333325 0.84848475 0.49999994 0.42105258 0.38461536], shape=(5,), dtype=float32)
0.17311742901802063 tf.Tensor([0.7272727  0.87499994 0.4705882  0.39999995 0.38461536], shape=(5,), dtype=float32)
1.5927757024765015 tf.Tensor([0. 0. 0. 0. 0.], shape=(5,), dtype=float32)
1.4372644424438477 tf.Tensor([0.28571427 0.         0.         0.         0.        ], shape=(5,), dtype=float32)
1.2704238891601562 tf.Tensor([0.6666666  0.8333333  0.19999996 0.36363634 0.        ], shape=(5,), dtype=float32)
1.0638518333435059 tf.Tensor([0.7272727  0.89655167 0.30769226 0.53333324 0.        ], shape=(5,), dtype=float32)
0.949647068977356 tf.Tensor([0.76923066 0.96296287 0.44444442 0.4705882  0.        ], shape=(5,), dtype=float32)
0.9160441756248474 tf.Tensor([0.83333325 0.96296287 0.49999994 0.49999994 0.09523808], shape=(5,), dtype=float32)
0.817551851272583 tf.Tensor([0.76923066 0.96296287 0.5714285  0.47619045 0.173913  ], shape=(5,), dtype=float32)
0.7656459808349609 tf.Tensor([0.83333325 0.92857134 0.44444442 0.42105258 0.173913  ], shape=(5,), dtype=float32)
0.7366558909416199 tf.Tensor([0.83333325 0.92857134 0.44444442 0.4444444  0.19047618], shape=(5,), dtype=float32)
0.647476077079773 tf.Tensor([0.9090909  0.96296287 0.49999994 0.4444444  0.26086953], shape=(5,), dtype=float32)
0.6019412279129028 tf.Tensor([0.83333325 0.92857134 0.42857137 0.42105258 0.3333333 ], shape=(5,), dtype=float32)
0.6105901598930359 tf.Tensor([0.83333325 0.96551716 0.53333324 0.4705882  0.31999996], shape=(5,), dtype=float32)
0.5663888454437256 tf.Tensor([0.83333325 0.89655167 0.4705882  0.42105258 0.34782603], shape=(5,), dtype=float32)
0.4821425676345825 tf.Tensor([0.92307687 0.96551716 0.53333324 0.47619045 0.34782603], shape=(5,), dtype=float32)
0.3899165987968445 tf.Tensor([0.8571428  0.96551716 0.5714285  0.4545454  0.34782603], shape=(5,), dtype=float32)
0.4720136523246765 tf.Tensor([0.9090909  0.9333333  0.53333324 0.43478256 0.41666666], shape=(5,), dtype=float32)
0.4317907989025116 tf.Tensor([0.83333325 0.9333333  0.5714285  0.43478256 0.41666666], shape=(5,), dtype=float32)
0.40458348393440247 tf.Tensor([0.8571428  0.96551716 0.4615384  0.43478256 0.41666666], shape=(5,), dtype=float32)
0.3424529433250427 tf.Tensor([0.8571428  0.8461538  0.5714285  0.38461536 0.41666666], shape=(5,), dtype=float32)
0.27539658546447754 tf.Tensor([0.92307687 0.88888884 0.5714285  0.34782603 0.41666666], shape=(5,), dtype=float32)
0.28240326046943665 tf.Tensor([0.9090909  0.86666656 0.53333324 0.2857142  0.4444444 ], shape=(5,), dtype=float32)
0.254596471786499 tf.Tensor([0.9090909  0.86666656 0.5714285  0.2857142  0.42857137], shape=(5,), dtype=float32)
0.28785598278045654 tf.Tensor([0.9090909  0.86666656 0.5714285  0.4166666  0.31999996], shape=(5,), dtype=float32)
0.2759590446949005 tf.Tensor([0.92307687 0.89655167 0.55555546 0.43478256 0.34782603], shape=(5,), dtype=float32)
0.2033928632736206 tf.Tensor([0.8571428  0.89655167 0.58823526 0.38095233 0.34782603], shape=(5,), dtype=float32)
0.28897178173065186 tf.Tensor([0.7142857  0.86666656 0.42857137 0.29999995 0.3703703 ], shape=(5,), dtype=float32)
0.25428467988967896 tf.Tensor([0.7142857  0.86666656 0.53333324 0.33333328 0.41379306], shape=(5,), dtype=float32)
0.24512645602226257 tf.Tensor([0.76923066 0.86666656 0.53333324 0.39999995 0.30769226], shape=(5,), dtype=float32)
0.1805327981710434 tf.Tensor([0.83333325 0.8387096  0.53333324 0.47619045 0.31999996], shape=(5,), dtype=float32)
0.1862996369600296 tf.Tensor([0.83333325 0.86666656 0.53333324 0.43478256 0.26086953], shape=(5,), dtype=float32)
1.586076259613037 tf.Tensor([0. 0. 0. 0. 0.], shape=(5,), dtype=float32)
1.4166357517242432 tf.Tensor([0. 0. 0. 0. 0.], shape=(5,), dtype=float32)
1.2337045669555664 tf.Tensor([0.79999995 0.87999994 0.19999996 0.53333324 0.        ], shape=(5,), dtype=float32)
1.0246409177780151 tf.Tensor([0.7272727  0.9333333  0.42105258 0.49999994 0.        ], shape=(5,), dtype=float32)
0.9602296948432922 tf.Tensor([0.83333325 0.96551716 0.39999998 0.49999994 0.        ], shape=(5,), dtype=float32)
0.8211021423339844 tf.Tensor([0.83333325 0.96296287 0.42105258 0.4705882  0.09090906], shape=(5,), dtype=float32)
0.7514098286628723 tf.Tensor([0.9090909  1.         0.4705882  0.4444444  0.24999996], shape=(5,), dtype=float32)
0.7524493932723999 tf.Tensor([0.9090909  0.92857134 0.4705882  0.39999995 0.18181814], shape=(5,), dtype=float32)
0.7061043977737427 tf.Tensor([0.9090909  0.96296287 0.4705882  0.42105258 0.173913  ], shape=(5,), dtype=float32)
0.6406628489494324 tf.Tensor([0.9090909  0.96296287 0.4705882  0.42105258 0.24999996], shape=(5,), dtype=float32)
0.6607304811477661 tf.Tensor([0.9090909  0.96296287 0.44444442 0.42105258 0.26086953], shape=(5,), dtype=float32)
0.5940264463424683 tf.Tensor([0.83333325 0.9333333  0.4705882  0.4444444  0.26086953], shape=(5,), dtype=float32)
0.5143953561782837 tf.Tensor([0.83333325 0.9032257  0.4705882  0.52631575 0.18181814], shape=(5,), dtype=float32)
0.5125408172607422 tf.Tensor([0.83333325 1.         0.4705882  0.4444444  0.26086953], shape=(5,), dtype=float32)
0.4581729769706726 tf.Tensor([0.83333325 0.92307687 0.49999994 0.4444444  0.41666666], shape=(5,), dtype=float32)
0.43826931715011597 tf.Tensor([0.8571428  0.96296287 0.49999994 0.49999994 0.4444444 ], shape=(5,), dtype=float32)
0.4311811923980713 tf.Tensor([0.8571428  0.89655167 0.44444442 0.4705882  0.31999996], shape=(5,), dtype=float32)
0.45355385541915894 tf.Tensor([0.83333325 0.9032257  0.44444442 0.4444444  0.34782603], shape=(5,), dtype=float32)
0.3285559415817261 tf.Tensor([0.83333325 0.9333333  0.42105258 0.42105258 0.34782603], shape=(5,), dtype=float32)
0.2795482277870178 tf.Tensor([0.83333325 0.92857134 0.4705882  0.39999995 0.34782603], shape=(5,), dtype=float32)
0.27343788743019104 tf.Tensor([0.83333325 0.89655167 0.49999994 0.47619045 0.41666666], shape=(5,), dtype=float32)
0.24160432815551758 tf.Tensor([0.76923066 0.87499994 0.39999995 0.49999994 0.41666666], shape=(5,), dtype=float32)
0.2899516224861145 tf.Tensor([0.76923066 0.9032257  0.49999994 0.52631575 0.46153837], shape=(5,), dtype=float32)
0.21432623267173767 tf.Tensor([0.7142857  0.9032257  0.58823526 0.49999994 0.26086953], shape=(5,), dtype=float32)
0.2853658199310303 tf.Tensor([0.7142857  0.89655167 0.55555546 0.52631575 0.30769226], shape=(5,), dtype=float32)
0.2989662289619446 tf.Tensor([0.83333325 0.9333333  0.62499994 0.49999994 0.29629624], shape=(5,), dtype=float32)
0.25400400161743164 tf.Tensor([0.92307687 0.87499994 0.62499994 0.47619045 0.24999996], shape=(5,), dtype=float32)
0.17631861567497253 tf.Tensor([0.8571428  0.87499994 0.58823526 0.52631575 0.31999996], shape=(5,), dtype=float32)
0.2636615037918091 tf.Tensor([0.74999994 0.9032257  0.58823526 0.52631575 0.173913  ], shape=(5,), dtype=float32)
0.23963682353496552 tf.Tensor([0.74999994 0.87499994 0.58823526 0.5555555  0.24999996], shape=(5,), dtype=float32)
