tf.Tensor([0. 0. 0. 0. 0.], shape=(5,), dtype=float32) 0.46296295523643494
tf.Tensor([0. 0. 0. 0. 0.], shape=(5,), dtype=float32) 0.5
tf.Tensor([0.25454542 0.13953486 0.         0.3571428  0.        ], shape=(5,), dtype=float32) 0.5
tf.Tensor([0.64       0.74358964 0.21818179 0.5217391  0.05555554], shape=(5,), dtype=float32) 0.5
tf.Tensor([0.71111107 0.8636363  0.6913579  0.5671641  0.05555554], shape=(5,), dtype=float32) 0.5370370149612427
tf.Tensor([0.7184465  0.8        0.72549015 0.6285714  0.1081081 ], shape=(5,), dtype=float32) 0.5740740895271301
tf.Tensor([0.8043477  0.84615374 0.6595744  0.6052631  0.27906975], shape=(5,), dtype=float32) 0.6111111044883728
tf.Tensor([0.6829268  0.87179476 0.67441857 0.6582278  0.63492054], shape=(5,), dtype=float32) 0.6111111044883728
tf.Tensor([0.7816091  0.89655167 0.7142857  0.7179487  0.516129  ], shape=(5,), dtype=float32) 0.5925925970077515
tf.Tensor([0.8444444 0.9268293 0.7956989 0.6849315 0.5490196], shape=(5,), dtype=float32) 0.6111111044883728
tf.Tensor([0.8461538  0.8607595  0.7741935  0.6478873  0.54545444], shape=(5,), dtype=float32) 0.6111111044883728
tf.Tensor([0.8979592  0.8831168  0.77551013 0.83544296 0.576923  ], shape=(5,), dtype=float32) 0.5925925970077515
tf.Tensor([0.93478256 0.9382715  0.7608695  0.7469879  0.65517235], shape=(5,), dtype=float32) 0.6296296119689941
tf.Tensor([0.8913043  0.9156626  0.7356321  0.7317073  0.59999996], shape=(5,), dtype=float32) 0.6481481194496155
tf.Tensor([0.8913043  0.88607585 0.7920791  0.71999997 0.6461538 ], shape=(5,), dtype=float32) 0.6111111044883728
tf.Tensor([0.88888884 0.91891885 0.7816091  0.8051948  0.71999997], shape=(5,), dtype=float32) 0.6296296119689941
tf.Tensor([0.9183673 0.9367088 0.7999999 0.819277  0.7076922], shape=(5,), dtype=float32) 0.6111111044883728
tf.Tensor([0.9052631  0.9268293  0.8444444  0.80898875 0.7741935 ], shape=(5,), dtype=float32) 0.6111111044883728
tf.Tensor([0.9484536 0.9285714 0.9090909 0.8444444 0.7457627], shape=(5,), dtype=float32) 0.5925925970077515
tf.Tensor([0.9052631  0.92499995 0.85436887 0.79999995 0.7118644 ], shape=(5,), dtype=float32) 0.6111111044883728
tf.Tensor([0.9166666  0.91139233 0.77777773 0.8735632  0.74999994], shape=(5,), dtype=float32) 0.6111111044883728
tf.Tensor([0.95744675 0.9382715  0.85714287 0.8735632  0.8253968 ], shape=(5,), dtype=float32) 0.6111111044883728
tf.Tensor([0.9684209  0.96103895 0.8653845  0.84999996 0.9253731 ], shape=(5,), dtype=float32) 0.6111111044883728
tf.Tensor([0.93999994 0.9230768  0.860465   0.902439   0.9090908 ], shape=(5,), dtype=float32) 0.5925925970077515
tf.Tensor([0.9052631 0.917647  0.9247311 0.825     0.8985507], shape=(5,), dtype=float32) 0.5740740895271301
tf.Tensor([0.93617016 0.9523809  0.95833325 0.9411765  0.9090908 ], shape=(5,), dtype=float32) 0.5740740895271301
tf.Tensor([0.92307687 0.95121944 0.9411765  0.9302326  0.89552236], shape=(5,), dtype=float32) 0.5740740895271301
tf.Tensor([0.93478256 0.9629629  0.9278349  0.8695651  0.90624994], shape=(5,), dtype=float32) 0.5740740895271301
tf.Tensor([0.9462365 0.9873417 0.9462365 0.9555555 0.9714285], shape=(5,), dtype=float32) 0.5925925970077515
tf.Tensor([0.9791666  0.9756097  0.89887637 0.92631567 0.95522386], shape=(5,), dtype=float32) 0.5925925970077515
