0.28703704476356506 1.50306236743927
0.5833333134651184 1.3702863454818726
0.6111111044883728 1.1900063753128052
0.6203703880310059 1.114058017730713
0.6435185074806213 1.1006970405578613
0.6435185074806213 1.1031118631362915
0.6759259104728699 1.0660687685012817
0.7407407164573669 1.0554289817810059
0.7453703880310059 1.1442538499832153
0.8055555820465088 1.2067608833312988
0.7731481194496155 1.2033843994140625
0.8425925970077515 1.228434681892395
0.8101851940155029 1.2206518650054932
0.8009259104728699 1.204505443572998
0.7916666865348816 1.1921287775039673
0.8425925970077515 1.2682081460952759
0.8564814925193787 1.4076546430587769
0.8611111044883728 1.4787726402282715
0.8842592835426331 1.4617258310317993
0.8611111044883728 1.31712806224823
0.8518518805503845 1.2250046730041504
0.8888888955116272 1.2032197713851929
0.9074074029922485 1.220885992050171
0.9351851940155029 1.3348711729049683
0.8981481194496155 1.4120185375213623
0.9537037014961243 1.4805673360824585
0.9305555820465088 1.5682533979415894
0.9259259104728699 1.559024691581726
0.9537037014961243 1.5583027601242065
0.9490740895271301 1.5873864889144897
