0.5555555820465088 0.6181867122650146
0.6898148059844971 0.5512389540672302
0.7546296119689941 0.47744202613830566
0.8101851940155029 0.39885953068733215
0.8379629850387573 0.32460811734199524
0.8425925970077515 0.26772812008857727
0.8564814925193787 0.22763387858867645
0.8888888955116272 0.20117075741291046
0.875 0.1769351214170456
0.9166666865348816 0.17920008301734924
0.5046296119689941 0.5859358906745911
0.7361111044883728 0.48782023787498474
0.7592592835426331 0.39594027400016785
0.7870370149612427 0.3130685091018677
0.8333333134651184 0.2476276457309723
0.8564814925193787 0.20886895060539246
0.8935185074806213 0.19691772758960724
0.8935185074806213 0.18944747745990753
0.8981481194496155 0.17325294017791748
0.8888888955116272 0.16577628254890442
0.6203703880310059 0.5764020085334778
0.7083333134651184 0.48474428057670593
0.7962962985038757 0.3935774266719818
0.8287037014961243 0.31094875931739807
0.8287037014961243 0.2538836598396301
0.8657407164573669 0.2192983627319336
0.875 0.20269128680229187
0.875 0.19568830728530884
0.9120370149612427 0.1954304724931717
0.8842592835426331 0.2097083181142807
0.5740740895271301 0.590360164642334
0.7083333134651184 0.505858302116394
0.7685185074806213 0.41959673166275024
0.8379629850387573 0.33788108825683594
0.8148148059844971 0.2743587791919708
0.8518518805503845 0.22196394205093384
0.8379629850387573 0.19600792229175568
0.8796296119689941 0.19724340736865997
0.8935185074806213 0.20765000581741333
0.9027777910232544 0.21174627542495728
